3,2
3,1
3,3
10,12
10,92
10,196
10,276
10,8
10,132
10,234
11,4
11,8
9,6
9,4
8,17
8,15
8,16
8,6
8,2
8,3
51,3
51,2
51,1
51,0
37,3
37,2
37,1
37,0
36,5
36,4
36,3
36,2
36,1
36,0
35,4
35,3
35,2
35,1
35,0
34,3
34,2
34,1
34,0
32,4
32,3
32,2
32,1
32,0
25,3
25,1
21,3
21,1
20,3
20,2
20,1
19,3
19,2
19,1
12,3
12,2
12,1
11,29
11,28
11,27
11,26
11,25
11,24
11,23
11,22
11,21
11,20
11,19
11,18
11,17
11,16
11,15
11,14
11,13
11,9
11,5
11,3
11,2
11,1
10,309
10,247
10,236
10,227
10,220
10,206
10,186
10,159
10,144
10,104
18,1
10,95
18,3
14,1
10,79
14,3
13,1
